Angle (rad) Run #1	Light Intensity (%) Run #1
0,000	53,5
0,000	53,4
-0,002	53,4
-0,002	53,3
-0,003	53,2
-0,003	53,2
-0,006	53,1
-0,006	53,0
-0,008	53,0
-0,009	52,8
-0,011	52,8
-0,014	52,7
-0,016	52,6
-0,016	52,6
-0,017	52,5
-0,019	52,5
-0,019	52,4
-0,020	52,3
-0,022	52,3
-0,024	52,2
-0,024	52,2
-0,025	52,1
-0,027	52,0
-0,028	52,0
-0,030	51,9
-0,031	51,8
-0,033	51,7
-0,035	51,6
-0,036	51,6
-0,038	51,4
-0,041	51,4
-0,042	51,3
-0,042	51,2
-0,044	51,2
-0,046	51,1
-0,047	51,0
-0,049	50,9
-0,050	50,9
-0,050	50,8
-0,052	50,8
-0,052	50,7
-0,053	50,6
-0,055	50,6
-0,055	50,6
-0,057	50,5
-0,057	50,5
-0,058	50,5
-0,058	50,4
-0,060	50,3
-0,061	50,2
-0,063	50,2
-0,064	50,1
-0,066	50,1
-0,066	49,9
-0,068	49,8
-0,068	49,8
-0,069	49,8
-0,069	49,7
-0,071	49,6
-0,072	49,6
-0,072	49,5
-0,074	49,5
-0,075	49,4
-0,075	49,3
-0,077	49,2
-0,080	49,1
-0,080	49,1
-0,082	49,0
-0,083	48,9
-0,086	48,8
-0,086	48,7
-0,088	48,7
-0,090	48,6
-0,091	48,6
-0,091	48,5
-0,093	48,5
-0,093	48,4
-0,094	48,4
-0,094	48,3
-0,096	48,3
-0,097	48,2
-0,099	48,1
-0,101	48,0
-0,101	48,0
-0,102	47,9
-0,104	47,8
-0,105	47,7
-0,107	47,6
-0,108	47,5
-0,110	47,4
-0,112	47,3
-0,113	47,2
-0,115	47,1
-0,118	46,9
-0,119	46,9
-0,121	46,7
-0,123	46,7
-0,124	46,6
-0,124	46,5
-0,126	46,4
-0,127	46,4
-0,129	46,2
-0,130	46,0
-0,134	45,9
-0,137	45,7
-0,140	45,5
-0,143	45,4
-0,145	45,3
-0,146	45,2
-0,148	45,1
-0,148	45,1
-0,149	45,1
-0,149	45,0
-0,151	44,9
-0,152	44,8
-0,152	44,8
-0,154	44,8
-0,154	44,8
-0,154	44,6
-0,156	44,5
-0,157	44,4
-0,159	44,3
-0,160	44,1
-0,162	44,1
-0,163	44,0
-0,165	43,9
-0,167	43,8
-0,168	43,7
-0,170	43,6
-0,171	43,5
-0,173	43,3
-0,176	43,3
-0,178	43,1
-0,178	43,1
-0,178	43,1
-0,179	43,0
-0,179	43,0
-0,181	42,9
-0,182	42,9
-0,182	42,8
-0,184	42,7
-0,185	42,6
-0,187	42,5
-0,188	42,4
-0,188	42,4
-0,190	42,2
-0,192	42,1
-0,193	42,0
-0,195	41,9
-0,198	41,8
-0,199	41,6
-0,201	41,6
-0,203	41,5
-0,204	41,4
-0,206	41,2
-0,207	41,1
-0,209	40,9
-0,212	40,8
-0,214	40,8
-0,214	40,6
-0,217	40,6
-0,217	40,6
-0,217	41,2
-0,209	41,7
-0,203	41,6
-0,203	41,7
-0,203	41,7
-0,203	41,5
-0,204	41,4
-0,204	41,1
-0,209	40,9
-0,210	40,8
-0,212	40,8
-0,214	40,7
-0,214	40,7
-0,214	40,6
-0,215	40,5
-0,218	40,4
-0,220	40,3
-0,221	40,1
-0,225	39,8
-0,228	39,6
-0,231	39,6
-0,232	39,4
-0,234	39,3
-0,236	39,2
-0,237	39,1
-0,239	39,0
-0,240	38,9
-0,242	38,8
-0,243	38,7
-0,245	38,6
-0,247	38,5
-0,248	38,4
-0,248	38,3
-0,250	38,3
-0,250	38,2
-0,251	38,1
-0,253	38,0
-0,254	37,9
-0,256	37,8
-0,258	37,7
-0,259	37,7
-0,259	37,6
-0,261	37,5
-0,262	37,4
-0,264	37,3
-0,265	37,3
-0,265	37,2
-0,267	37,1
-0,269	37,1
-0,269	37,0
-0,270	37,0
-0,270	37,0
-0,272	36,9
-0,272	36,8
-0,273	36,7
-0,275	36,6
-0,275	36,6
-0,276	36,5
-0,278	36,5
-0,278	36,4
-0,280	36,3
-0,281	36,1
-0,284	36,0
-0,286	36,0
-0,286	35,9
-0,287	35,8
-0,289	35,7
-0,289	35,7
-0,289	35,7
-0,291	35,5
-0,292	35,5
-0,294	35,3
-0,295	35,3
-0,295	35,3
-0,295	35,2
-0,297	35,1
-0,297	35,1
-0,298	34,9
-0,300	34,8
-0,303	34,7
-0,305	34,5
-0,308	34,1
-0,311	33,9
-0,314	33,8
-0,316	33,6
-0,317	33,6
-0,319	33,4
-0,322	33,3
-0,324	33,2
-0,324	33,2
-0,325	33,2
-0,325	33,0
-0,327	33,0
-0,328	32,9
-0,330	32,8
-0,330	32,8
-0,331	32,7
-0,333	32,6
-0,333	32,6
-0,335	32,4
-0,336	32,4
-0,338	32,2
-0,341	32,1
-0,342	32,0
-0,344	31,8
-0,347	31,7
-0,349	31,5
-0,352	31,4
-0,353	31,3
-0,355	31,1
-0,358	31,0
-0,360	30,9
-0,363	30,7
-0,364	30,7
-0,364	30,7
-0,366	30,6
-0,368	30,5
-0,369	30,3
-0,372	30,2
-0,374	30,0
-0,375	30,0
-0,377	29,9
-0,379	29,8
-0,380	29,7
-0,382	29,6
-0,385	29,5
-0,385	29,4
-0,388	29,3
-0,390	29,1
-0,391	29,0
-0,394	28,7
-0,396	28,6
-0,399	28,6
-0,399	28,4
-0,402	28,3
-0,405	28,1
-0,408	27,9
-0,412	27,7
-0,415	27,6
-0,418	27,5
-0,419	27,5
-0,421	27,4
-0,421	27,3
-0,423	27,3
-0,424	27,2
-0,426	27,1
-0,426	27,1
-0,427	27,0
-0,429	26,9
-0,430	26,8
-0,434	26,7
-0,435	26,7
-0,437	26,6
-0,438	26,5
-0,441	26,4
-0,445	26,2
-0,446	26,2
-0,448	26,1
-0,449	26,0
-0,451	25,9
-0,454	25,9
-0,456	25,8
-0,457	25,7
-0,459	25,7
-0,460	25,6
-0,460	25,6
-0,463	25,4
-0,467	25,3
-0,470	25,3
-0,473	25,1
-0,476	25,0
-0,479	24,9
-0,482	24,8
-0,485	24,7
-0,489	24,7
-0,489	24,7
-0,489	24,7
-0,490	24,7
-0,492	24,6
-0,492	24,6
-0,493	24,5
-0,495	24,5
-0,496	24,5
-0,498	24,5
-0,500	24,4
-0,501	24,4
-0,503	24,3
-0,504	24,3
-0,506	24,3
-0,509	24,2
-0,512	24,2
-0,514	24,2
-0,515	24,1
-0,517	24,1
-0,518	24,1
-0,522	24,0
-0,523	24,1
-0,525	24,0
-0,526	24,0
-0,529	24,0
-0,531	24,0
-0,534	23,9
-0,536	24,0
-0,536	24,0
-0,537	24,0
-0,537	24,0
-0,539	24,0
-0,542	24,0
-0,543	24,0
-0,545	24,0
-0,545	24,0
-0,547	24,0
-0,548	24,1
-0,553	24,1
-0,559	24,2
-0,565	24,5
-0,572	24,6
-0,576	24,7
-0,580	24,8
-0,583	24,9
-0,583	24,9
-0,584	25,0
-0,586	25,0
-0,587	25,1
-0,589	25,2
-0,591	25,3
-0,594	25,4
-0,595	25,5
-0,597	25,6
-0,598	25,7
-0,602	25,8
-0,603	25,9
-0,603	26,0
-0,605	26,1
-0,606	26,2
-0,608	26,3
-0,609	26,5
-0,613	26,6
-0,614	26,8
-0,616	27,0
-0,619	27,1
-0,620	27,2
-0,622	27,4
-0,624	27,6
-0,625	27,7
-0,627	27,9
-0,630	28,1
-0,631	28,4
-0,635	28,8
-0,638	29,4
-0,642	29,7
-0,646	30,0
-0,647	30,4
-0,650	30,8
-0,653	31,2
-0,657	31,5
-0,658	31,8
-0,661	32,0
-0,663	32,3
-0,664	32,4
-0,666	32,7
-0,666	33,0
-0,669	33,3
-0,671	33,8
-0,674	34,3
-0,675	35,0
-0,679	35,5
-0,682	35,9
-0,685	36,2
-0,686	36,6
-0,688	36,9
-0,690	37,4
-0,691	38,0
-0,694	38,5
-0,697	39,1
-0,701	40,1
-0,704	41,1
-0,708	41,9
-0,712	42,7
-0,715	43,4
-0,718	44,4
-0,721	45,3
-0,724	46,3
-0,727	47,2
-0,730	48,2
-0,734	49,1
-0,737	50,6
-0,741	52,0
-0,745	53,4
-0,749	54,6
-0,752	55,7
-0,754	56,3
-0,756	57,0
-0,757	57,4
-0,759	58,1
-0,760	58,9
-0,762	60,4
-0,767	62,4
-0,770	64,6
-0,774	66,2
-0,778	67,9
-0,782	70,0
-0,785	72,6
-0,790	75,0
-0,795	77,6
-0,800	79,1
-0,801	81,0
-0,804	82,2
-0,807	83,5
-0,809	84,4
-0,811	86,3
-0,814	88,2
-0,817	90,6
-0,820	93,3
-0,823	95,9
-0,828	97,8
-0,831	97,8
-0,836	97,8
-0,837	97,8
-0,840	97,8
-0,844	97,8
-0,847	97,8
-0,851	97,8
-0,855	97,8
-0,858	97,8
-0,862	97,8
-0,866	97,8
-0,869	97,8
-0,872	97,8
-0,875	97,9
-0,877	97,8
-0,880	97,8
-0,881	97,8
-0,884	97,8
-0,888	97,8
-0,892	97,8
-0,897	97,8
-0,903	97,8
-0,914	97,8
-0,925	97,8
-0,935	97,8
-0,942	97,7
-0,950	97,8
-0,955	97,8
-0,961	97,8
-0,966	97,8
-0,969	97,8
-0,975	97,8
-0,979	97,8
-0,985	97,8
-0,991	97,8
-0,996	97,8
-1,002	97,8
-1,007	97,8
-1,013	97,8
-1,018	97,8
-1,019	97,8
-1,024	97,8
-1,027	97,8
-1,030	97,8
-1,035	97,8
-1,037	97,8
-1,041	97,8
-1,045	97,8
-1,048	97,8
-1,051	97,8
-1,051	97,8
-1,051	97,8
-1,051	97,8
-1,051	97,8
-1,051	97,8
-1,051	97,8
-1,051	97,8
-1,051	97,8
-1,051	97,8
-1,051	97,8
-1,051	97,8
-1,051	97,8
-1,051	97,8
-1,051	97,8
-1,051	97,8
-1,051	97,8
-1,051	97,8
-1,051	97,8
-1,051	97,8
-1,051	97,8
-1,051	97,8
-1,051	97,8
-1,051	97,8
-1,051	97,8
-1,051	97,8
-1,051	97,8
-1,051	97,8
-1,051	97,8
-1,051	97,8
-1,051	97,8
-1,051	97,8
-1,051	97,8
-1,051	97,8
-1,051	97,8
-1,051	97,8
-1,051	97,8
-1,052	97,8
-1,052	97,8
-1,052	97,8
-1,051	97,8
-1,052	97,8
-1,052	97,8
-1,052	97,8
-1,052	97,8
-1,052	97,8
-1,052	97,8
-1,052	97,9
-1,052	97,8
-1,052	97,8
-1,052	97,8
-1,052	97,8
-1,052	97,8
-1,052	97,8
-1,052	97,8
-1,052	97,8
-1,052	97,8
-1,052	97,8
-1,052	97,8
-1,052	97,8
-1,052	97,8
-1,052	97,8
-1,052	97,8
-1,052	97,8
-1,052	97,8
-1,052	97,8
-1,052	97,8
-1,052	97,8
-1,052	97,8
-1,052	97,8
-1,052	97,8
-1,052	97,8
-1,052	97,8
-1,052	97,8
-1,052	
